Camera matrix:
[[3.15340649e+03 0.00000000e+00 1.51088121e+03]
 [0.00000000e+00 3.14740378e+03 1.98462034e+03]
 [0.00000000e+00 0.00000000e+00 1.00000000e+00]]
Distortion coefficients:
[[ 2.46007366e-01 -1.83367056e+00 -2.72889097e-03  2.39507253e-04
   3.82702318e+00]]
Translation coefficients:
(array([[-117.95051219],
       [  83.85905164],
       [ 901.76176667]]), array([[-148.17579616],
       [ -10.53184217],
       [ 808.79593439]]), array([[-124.21416638],
       [ -94.44930146],
       [ 625.25218228]]), array([[-82.40053233],
       [ 44.81353535],
       [778.47580335]]), array([[-81.54487689],
       [121.61222132],
       [791.00808158]]), array([[ 30.57276002],
       [-99.15450761],
       [840.26788206]]), array([[-130.55042008],
       [ -26.08714179],
       [1074.80980107]]), array([[-170.69452641],
       [ 171.58521366],
       [1029.51850043]]), array([[-249.55551801],
       [  54.54858375],
       [ 997.55838741]]), array([[-122.82150226],
       [  66.16388672],
       [ 455.97249122]]), array([[-81.71453255],
       [ 71.55951675],
       [515.88899946]]), array([[-122.92008642],
       [  14.21775368],
       [ 485.90961826]]), array([[-115.50638589],
       [ 101.35113968],
       [ 461.49882831]]), array([[-135.28932839],
       [ 111.5961966 ],
       [ 465.70797477]]), array([[-142.04455459],
       [ 104.63085665],
       [ 481.00847112]]), array([[-80.10378555],
       [ 31.65892762],
       [866.1968908 ]]), array([[-150.18225101],
       [ -22.37756004],
       [ 941.14279797]]), array([[-75.0456858 ],
       [ 11.11816582],
       [578.33565825]]))
Rotation coefficients:
(array([[ 0.124634  ],
       [ 0.15141438],
       [-1.5611931 ]]), array([[-0.00641324],
       [-0.0145707 ],
       [-1.58073217]]), array([[-0.2914682 ],
       [-0.31764314],
       [-1.56838846]]), array([[ 0.47524138],
       [-0.40184789],
       [-1.49718198]]), array([[ 0.69733251],
       [-0.30673969],
       [-1.67431099]]), array([[ 0.4746969 ],
       [-0.40361693],
       [-1.25210639]]), array([[-0.30461981],
       [ 0.52364695],
       [-1.81542205]]), array([[-0.42861955],
       [ 0.41073691],
       [-1.57802751]]), array([[-0.23605917],
       [ 0.37142466],
       [-1.17674334]]), array([[ 0.05512352],
       [ 0.01513531],
       [-1.57135297]]), array([[ 0.36278344],
       [-0.27541043],
       [-1.53376016]]), array([[-0.10191096],
       [-0.26606191],
       [-1.5561788 ]]), array([[ 0.38279326],
       [ 0.18589643],
       [-1.55582741]]), array([[-0.28555015],
       [ 0.29331724],
       [-1.57555274]]), array([[-0.28164926],
       [ 0.30814514],
       [-1.56815549]]), array([[-0.45215923],
       [ 0.45150524],
       [-1.54126019]]), array([[-0.51896248],
       [ 0.36265026],
       [-1.55400843]]), array([[ 0.58300668],
       [-0.63395435],
       [-1.52226047]]))
